i,A_i,conservation,-,A,C,D,E,F,G,H,I,K,L,M,N,P,Q,R,S,T,V,W,Y
244,G,0.911,0.923,0.000,0.000,0.000,0.000,0.000,0.077,0.000,0.000,0.000,0.000,0.000,0.000,0.000,0.000,0.000,0.000,0.000,0.000,0.000,0.000
245,C,0.798,0.811,0.000,0.137,0.000,0.000,0.000,0.000,0.047,0.000,0.000,0.003,0.000,0.000,0.000,0.000,0.000,0.000,0.000,0.000,0.000,0.000
246,G,0.694,0.088,0.001,0.028,0.063,0.001,0.000,0.772,0.007,0.000,0.001,0.000,0.000,0.008,0.000,0.001,0.010,0.009,0.011,0.000,0.000,0.000
247,E,0.371,0.049,0.008,0.000,0.003,0.026,0.002,0.039,0.002,0.038,0.098,0.197,0.034,0.002,0.002,0.012,0.013,0.016,0.428,0.030,0.000,0.002
248,L,0.785,0.038,0.000,0.000,0.000,0.000,0.005,0.000,0.000,0.101,0.000,0.828,0.009,0.000,0.000,0.000,0.000,0.000,0.000,0.020,0.000,0.000
249,V,0.326,0.032,0.054,0.000,0.001,0.014,0.001,0.001,0.005,0.008,0.419,0.051,0.055,0.004,0.000,0.036,0.111,0.062,0.095,0.041,0.001,0.008
250,W,0.360,0.024,0.280,0.000,0.002,0.008,0.001,0.296,0.001,0.000,0.076,0.001,0.002,0.049,0.000,0.013,0.066,0.115,0.044,0.001,0.020,0.000
251,V,0.723,0.020,0.000,0.000,0.000,0.000,0.002,0.000,0.000,0.383,0.000,0.014,0.001,0.000,0.000,0.000,0.000,0.000,0.000,0.580,0.000,0.000
252,G,0.285,0.020,0.008,0.000,0.014,0.020,0.002,0.213,0.001,0.006,0.041,0.036,0.000,0.002,0.000,0.034,0.025,0.158,0.057,0.148,0.000,0.216
253,E,0.304,0.019,0.051,0.002,0.272,0.124,0.000,0.077,0.001,0.004,0.041,0.003,0.002,0.051,0.033,0.238,0.007,0.062,0.007,0.004,0.000,0.001
254,P,0.575,0.018,0.061,0.000,0.001,0.000,0.000,0.000,0.000,0.009,0.000,0.024,0.028,0.001,0.479,0.001,0.000,0.363,0.006,0.007,0.000,0.000
255,L,0.264,0.017,0.015,0.000,0.005,0.229,0.006,0.001,0.000,0.088,0.067,0.016,0.006,0.002,0.144,0.002,0.019,0.136,0.107,0.126,0.000,0.014
256,T,0.241,0.017,0.002,0.083,0.001,0.011,0.146,0.000,0.230,0.065,0.014,0.018,0.004,0.018,0.000,0.013,0.010,0.079,0.172,0.058,0.000,0.058
257,L,0.396,0.017,0.011,0.000,0.000,0.000,0.022,0.000,0.067,0.150,0.005,0.438,0.004,0.002,0.000,0.053,0.010,0.017,0.041,0.150,0.000,0.011
258,R,0.311,0.017,0.008,0.000,0.001,0.007,0.341,0.014,0.065,0.003,0.153,0.022,0.002,0.048,0.001,0.049,0.073,0.009,0.016,0.012,0.000,0.160
259,T,0.471,0.016,0.043,0.000,0.002,0.575,0.002,0.001,0.004,0.012,0.069,0.006,0.001,0.051,0.000,0.004,0.044,0.051,0.108,0.007,0.000,0.004
260,A,0.442,0.016,0.356,0.000,0.001,0.001,0.018,0.010,0.000,0.004,0.002,0.004,0.026,0.006,0.001,0.000,0.001,0.362,0.031,0.050,0.031,0.078
261,E,0.455,0.016,0.001,0.000,0.248,0.381,0.000,0.234,0.009,0.003,0.010,0.004,0.005,0.009,0.011,0.019,0.027,0.004,0.012,0.002,0.000,0.003
262,T,0.820,0.886,0.002,0.000,0.001,0.001,0.000,0.047,0.000,0.000,0.005,0.000,0.000,0.011,0.007,0.001,0.000,0.028,0.012,0.000,0.000,0.000
263,I,0.803,0.885,0.008,0.000,0.000,0.000,0.027,0.007,0.000,0.032,0.010,0.002,0.009,0.000,0.002,0.000,0.000,0.006,0.009,0.002,0.000,0.000
264,T,0.807,0.881,0.022,0.000,0.001,0.003,0.000,0.011,0.001,0.000,0.001,0.001,0.001,0.003,0.001,0.005,0.001,0.050,0.014,0.000,0.000,0.003
265,G,0.353,0.015,0.003,0.000,0.025,0.015,0.007,0.053,0.291,0.001,0.003,0.005,0.000,0.004,0.003,0.298,0.071,0.103,0.042,0.001,0.000,0.059
266,K,0.417,0.014,0.010,0.000,0.001,0.003,0.001,0.001,0.012,0.012,0.226,0.005,0.003,0.060,0.021,0.431,0.109,0.015,0.066,0.005,0.000,0.004
267,Y,0.422,0.014,0.301,0.000,0.009,0.074,0.151,0.001,0.016,0.001,0.013,0.001,0.000,0.002,0.000,0.003,0.000,0.306,0.001,0.004,0.002,0.100
268,G,0.969,0.014,0.000,0.000,0.000,0.000,0.000,0.984,0.000,0.000,0.000,0.000,0.000,0.000,0.000,0.000,0.000,0.001,0.001,0.000,0.000,0.000
269,V,0.642,0.014,0.685,0.004,0.000,0.000,0.000,0.017,0.000,0.001,0.000,0.017,0.010,0.001,0.000,0.000,0.000,0.183,0.031,0.036,0.000,0.000
270,W,0.965,0.014,0.000,0.000,0.000,0.000,0.001,0.000,0.000,0.001,0.000,0.001,0.000,0.000,0.000,0.000,0.000,0.000,0.000,0.000,0.982,0.001
271,M,0.606,0.012,0.001,0.569,0.000,0.000,0.007,0.071,0.000,0.008,0.000,0.015,0.283,0.000,0.000,0.000,0.000,0.005,0.028,0.001,0.000,0.000
272,R,0.684,0.012,0.001,0.000,0.000,0.000,0.000,0.000,0.003,0.001,0.739,0.001,0.006,0.000,0.001,0.019,0.101,0.010,0.102,0.001,0.000,0.001
273,D,0.922,0.012,0.000,0.000,0.955,0.024,0.000,0.000,0.000,0.000,0.000,0.000,0.000,0.001,0.000,0.006,0.000,0.000,0.000,0.000,0.000,0.001
274,P,0.729,0.012,0.056,0.000,0.000,0.000,0.001,0.001,0.000,0.001,0.000,0.002,0.002,0.000,0.810,0.001,0.000,0.040,0.049,0.004,0.000,0.021
275,K,0.532,0.012,0.072,0.000,0.004,0.025,0.003,0.019,0.002,0.004,0.040,0.675,0.042,0.008,0.000,0.015,0.012,0.038,0.007,0.015,0.000,0.006
276,P,0.494,0.012,0.155,0.000,0.002,0.004,0.001,0.030,0.001,0.019,0.016,0.008,0.005,0.024,0.091,0.582,0.011,0.025,0.009,0.005,0.001,0.001
277,T,0.425,0.012,0.562,0.000,0.018,0.012,0.000,0.014,0.006,0.014,0.062,0.020,0.001,0.024,0.078,0.022,0.026,0.090,0.010,0.027,0.000,0.001
278,Y,0.347,0.012,0.174,0.000,0.072,0.060,0.002,0.210,0.018,0.001,0.009,0.004,0.002,0.031,0.034,0.004,0.010,0.330,0.022,0.003,0.000,0.005
279,P,0.676,0.371,0.002,0.000,0.562,0.015,0.000,0.003,0.000,0.000,0.002,0.001,0.000,0.007,0.032,0.001,0.000,0.001,0.001,0.000,0.000,0.000
280,Y,0.548,0.313,0.004,0.000,0.006,0.004,0.010,0.028,0.002,0.001,0.505,0.001,0.000,0.002,0.022,0.001,0.071,0.004,0.002,0.001,0.000,0.022
281,T,0.396,0.198,0.017,0.000,0.016,0.016,0.002,0.046,0.001,0.474,0.037,0.042,0.003,0.005,0.000,0.008,0.015,0.028,0.029,0.058,0.000,0.005
282,Q,0.463,0.151,0.007,0.000,0.102,0.039,0.035,0.005,0.002,0.000,0.023,0.001,0.001,0.044,0.011,0.008,0.017,0.010,0.002,0.000,0.000,0.540
283,E,0.294,0.020,0.010,0.000,0.055,0.113,0.280,0.024,0.002,0.001,0.011,0.002,0.001,0.093,0.007,0.007,0.002,0.054,0.024,0.069,0.002,0.223
284,T,0.553,0.017,0.001,0.000,0.000,0.003,0.001,0.000,0.002,0.002,0.101,0.020,0.593,0.004,0.001,0.005,0.190,0.006,0.026,0.020,0.008,0.000
285,T,0.561,0.007,0.000,0.000,0.000,0.000,0.006,0.000,0.006,0.152,0.000,0.008,0.000,0.000,0.574,0.000,0.005,0.001,0.020,0.145,0.000,0.073
286,W,0.829,0.007,0.000,0.002,0.000,0.000,0.010,0.000,0.000,0.000,0.000,0.000,0.000,0.000,0.000,0.000,0.000,0.000,0.000,0.000,0.840,0.140
287,R,0.506,0.007,0.003,0.000,0.000,0.001,0.011,0.000,0.000,0.047,0.000,0.056,0.004,0.000,0.000,0.001,0.034,0.018,0.543,0.174,0.000,0.100
288,I,0.499,0.007,0.057,0.000,0.000,0.000,0.030,0.005,0.000,0.023,0.000,0.029,0.111,0.000,0.573,0.009,0.000,0.008,0.119,0.028,0.000,0.001
289,D,0.549,0.612,0.009,0.000,0.167,0.027,0.000,0.008,0.001,0.007,0.003,0.001,0.015,0.100,0.013,0.002,0.007,0.018,0.004,0.005,0.000,0.002
290,T,0.496,0.583,0.009,0.000,0.002,0.008,0.006,0.137,0.050,0.000,0.002,0.022,0.004,0.002,0.029,0.001,0.001,0.040,0.026,0.000,0.000,0.077
291,V,0.647,0.007,0.003,0.000,0.001,0.001,0.052,0.000,0.007,0.008,0.001,0.035,0.001,0.011,0.001,0.001,0.000,0.029,0.050,0.034,0.000,0.756
292,G,0.470,0.008,0.014,0.000,0.015,0.005,0.013,0.035,0.033,0.001,0.006,0.004,0.000,0.030,0.000,0.008,0.590,0.078,0.041,0.011,0.000,0.107
293,T,0.837,0.899,0.006,0.000,0.000,0.001,0.000,0.005,0.000,0.000,0.005,0.001,0.000,0.002,0.005,0.000,0.001,0.025,0.048,0.001,0.000,0.000
294,D,0.702,0.783,0.002,0.000,0.047,0.017,0.000,0.002,0.009,0.000,0.039,0.003,0.000,0.084,0.000,0.001,0.002,0.007,0.001,0.001,0.000,0.001
295,V,0.565,0.007,0.008,0.000,0.004,0.006,0.001,0.216,0.000,0.013,0.000,0.002,0.003,0.103,0.003,0.001,0.001,0.017,0.580,0.034,0.000,0.000
296,R,0.549,0.006,0.001,0.000,0.594,0.016,0.001,0.001,0.007,0.010,0.041,0.003,0.000,0.135,0.003,0.002,0.154,0.011,0.005,0.002,0.000,0.007
297,Q,0.470,0.006,0.002,0.000,0.007,0.005,0.036,0.001,0.006,0.046,0.005,0.010,0.029,0.030,0.000,0.034,0.051,0.034,0.622,0.041,0.000,0.036
298,V,0.730,0.006,0.006,0.000,0.000,0.000,0.012,0.000,0.000,0.050,0.000,0.745,0.005,0.000,0.000,0.000,0.000,0.000,0.000,0.176,0.000,0.001
299,F,0.314,0.006,0.003,0.000,0.005,0.024,0.047,0.000,0.005,0.279,0.039,0.080,0.007,0.002,0.000,0.006,0.096,0.003,0.256,0.064,0.007,0.071
300,E,0.772,0.006,0.006,0.000,0.000,0.869,0.008,0.009,0.002,0.003,0.001,0.014,0.003,0.001,0.000,0.022,0.002,0.001,0.003,0.024,0.000,0.026
301,Y,0.813,0.006,0.000,0.000,0.000,0.000,0.189,0.000,0.003,0.000,0.000,0.001,0.000,0.000,0.000,0.000,0.000,0.001,0.000,0.000,0.000,0.798
302,D,0.400,0.006,0.283,0.000,0.013,0.043,0.000,0.005,0.003,0.001,0.077,0.001,0.001,0.028,0.023,0.018,0.155,0.329,0.010,0.003,0.000,0.000
303,L,0.628,0.006,0.005,0.000,0.043,0.004,0.000,0.002,0.001,0.012,0.000,0.021,0.000,0.125,0.000,0.001,0.018,0.702,0.059,0.001,0.000,0.000
304,I,0.391,0.006,0.011,0.000,0.001,0.008,0.005,0.000,0.007,0.071,0.229,0.397,0.099,0.001,0.001,0.008,0.003,0.012,0.003,0.018,0.071,0.051
305,S,0.404,0.006,0.050,0.000,0.309,0.393,0.000,0.023,0.004,0.003,0.016,0.005,0.010,0.046,0.008,0.020,0.035,0.047,0.011,0.005,0.000,0.008
306,Q,0.605,0.006,0.041,0.000,0.717,0.020,0.001,0.000,0.003,0.001,0.008,0.001,0.002,0.065,0.000,0.037,0.002,0.053,0.034,0.009,0.000,0.000
307,F,0.747,0.006,0.000,0.000,0.000,0.000,0.796,0.000,0.000,0.005,0.001,0.109,0.004,0.000,0.000,0.000,0.000,0.002,0.001,0.014,0.001,0.062
308,M,0.309,0.005,0.017,0.000,0.025,0.004,0.001,0.001,0.001,0.247,0.135,0.034,0.077,0.001,0.002,0.251,0.044,0.031,0.029,0.092,0.001,0.000
309,Q,0.361,0.005,0.285,0.000,0.030,0.025,0.001,0.010,0.002,0.003,0.047,0.020,0.006,0.327,0.000,0.119,0.026,0.058,0.028,0.007,0.000,0.003
310,G,0.492,0.005,0.106,0.000,0.025,0.003,0.002,0.547,0.001,0.000,0.006,0.029,0.001,0.054,0.001,0.001,0.018,0.162,0.036,0.001,0.000,0.003
311,Y,0.514,0.051,0.029,0.000,0.031,0.003,0.013,0.001,0.006,0.006,0.014,0.019,0.001,0.017,0.002,0.057,0.667,0.024,0.011,0.023,0.000,0.024
312,P,0.289,0.007,0.028,0.000,0.003,0.030,0.012,0.005,0.045,0.017,0.023,0.022,0.001,0.092,0.274,0.287,0.004,0.042,0.014,0.030,0.061,0.003
313,S,0.469,0.006,0.045,0.000,0.003,0.001,0.096,0.005,0.015,0.001,0.011,0.004,0.010,0.007,0.004,0.059,0.004,0.154,0.543,0.001,0.000,0.030
314,K,0.459,0.004,0.015,0.000,0.004,0.009,0.000,0.001,0.003,0.078,0.088,0.004,0.001,0.085,0.003,0.007,0.093,0.019,0.544,0.040,0.000,0.001
315,V,0.503,0.004,0.005,0.000,0.006,0.007,0.004,0.001,0.008,0.019,0.017,0.029,0.012,0.012,0.008,0.046,0.032,0.112,0.631,0.045,0.000,0.002
316,H,0.642,0.004,0.002,0.000,0.000,0.001,0.008,0.000,0.105,0.065,0.001,0.029,0.005,0.015,0.001,0.003,0.001,0.001,0.002,0.030,0.002,0.725
317,I,0.503,0.004,0.002,0.000,0.025,0.015,0.000,0.002,0.011,0.017,0.642,0.049,0.001,0.048,0.017,0.011,0.089,0.016,0.023,0.016,0.000,0.010
318,L,0.805,0.004,0.002,0.001,0.002,0.008,0.001,0.001,0.008,0.027,0.001,0.891,0.002,0.001,0.001,0.003,0.004,0.002,0.014,0.024,0.001,0.003
319,P,0.782,0.011,0.006,0.000,0.005,0.003,0.000,0.004,0.002,0.003,0.008,0.001,0.001,0.003,0.876,0.006,0.022,0.010,0.036,0.001,0.002,0.001
320,R,0.400,0.005,0.002,0.000,0.004,0.016,0.056,0.015,0.433,0.004,0.020,0.008,0.001,0.219,0.000,0.017,0.031,0.041,0.009,0.003,0.002,0.114
321,P,0.470,0.003,0.020,0.002,0.007,0.003,0.031,0.008,0.004,0.002,0.035,0.008,0.001,0.047,0.137,0.002,0.578,0.054,0.016,0.001,0.000,0.040
322,L,0.584,0.004,0.006,0.002,0.000,0.000,0.048,0.033,0.000,0.020,0.000,0.018,0.006,0.001,0.000,0.000,0.000,0.000,0.000,0.588,0.249,0.023
323,E,0.476,0.003,0.073,0.000,0.585,0.071,0.003,0.002,0.013,0.073,0.004,0.001,0.004,0.002,0.000,0.075,0.009,0.040,0.008,0.018,0.000,0.016
324,S,0.943,0.003,0.000,0.000,0.000,0.000,0.000,0.963,0.000,0.000,0.000,0.000,0.000,0.000,0.000,0.000,0.000,0.033,0.000,0.000,0.000,0.000
325,T,0.784,0.003,0.004,0.044,0.000,0.000,0.000,0.005,0.000,0.000,0.000,0.002,0.002,0.018,0.024,0.000,0.000,0.035,0.860,0.002,0.000,0.000
326,G,0.888,0.003,0.006,0.000,0.002,0.000,0.000,0.926,0.000,0.000,0.000,0.000,0.000,0.052,0.000,0.000,0.000,0.009,0.001,0.000,0.000,0.000
327,A,0.577,0.003,0.050,0.000,0.000,0.000,0.579,0.003,0.258,0.003,0.000,0.002,0.008,0.009,0.001,0.046,0.000,0.007,0.013,0.009,0.000,0.009
328,V,0.792,0.003,0.054,0.000,0.000,0.000,0.000,0.000,0.000,0.036,0.000,0.021,0.003,0.000,0.000,0.000,0.000,0.000,0.027,0.855,0.000,0.000
329,V,0.793,0.003,0.045,0.000,0.000,0.000,0.002,0.000,0.000,0.044,0.000,0.035,0.015,0.000,0.000,0.001,0.000,0.000,0.000,0.855,0.000,0.000
330,Y,0.871,0.003,0.000,0.000,0.000,0.000,0.028,0.000,0.025,0.000,0.000,0.001,0.000,0.000,0.000,0.010,0.009,0.000,0.000,0.000,0.000,0.923
331,S,0.597,0.003,0.006,0.000,0.600,0.005,0.000,0.039,0.002,0.000,0.032,0.000,0.000,0.242,0.000,0.027,0.038,0.007,0.000,0.000,0.000,0.000
332,G,0.838,0.003,0.001,0.000,0.005,0.008,0.000,0.888,0.001,0.000,0.004,0.000,0.000,0.078,0.001,0.002,0.004,0.004,0.000,0.000,0.000,0.000
333,S,0.627,0.003,0.659,0.003,0.000,0.000,0.045,0.010,0.027,0.000,0.000,0.000,0.000,0.010,0.000,0.001,0.000,0.203,0.014,0.003,0.000,0.019
334,L,0.571,0.003,0.006,0.000,0.000,0.000,0.116,0.000,0.000,0.078,0.000,0.455,0.018,0.000,0.000,0.000,0.000,0.000,0.000,0.321,0.000,0.003
335,Y,0.774,0.003,0.000,0.000,0.000,0.000,0.638,0.000,0.000,0.001,0.000,0.000,0.000,0.000,0.000,0.000,0.000,0.000,0.000,0.000,0.000,0.357
336,F,0.752,0.003,0.000,0.003,0.000,0.000,0.603,0.000,0.000,0.001,0.000,0.001,0.000,0.000,0.000,0.000,0.000,0.000,0.000,0.007,0.000,0.382
337,Q,0.747,0.003,0.006,0.000,0.000,0.000,0.000,0.001,0.084,0.017,0.000,0.002,0.000,0.807,0.000,0.068,0.000,0.002,0.001,0.007,0.000,0.000
338,G,0.614,0.003,0.015,0.032,0.000,0.004,0.003,0.006,0.004,0.015,0.717,0.002,0.003,0.017,0.012,0.009,0.134,0.006,0.002,0.004,0.007,0.007
339,A,0.507,0.003,0.117,0.000,0.001,0.588,0.031,0.026,0.020,0.002,0.008,0.002,0.005,0.010,0.000,0.026,0.029,0.003,0.000,0.002,0.000,0.125
340,E,0.520,0.002,0.005,0.000,0.013,0.012,0.079,0.088,0.005,0.000,0.005,0.004,0.001,0.050,0.000,0.116,0.596,0.017,0.003,0.001,0.000,0.003
341,S,0.711,0.002,0.005,0.000,0.002,0.006,0.001,0.005,0.001,0.001,0.007,0.001,0.001,0.001,0.013,0.004,0.006,0.226,0.716,0.001,0.000,0.001
342,R,0.579,0.002,0.010,0.000,0.014,0.001,0.025,0.008,0.029,0.003,0.032,0.011,0.002,0.141,0.015,0.003,0.681,0.015,0.003,0.002,0.000,0.005
343,T,0.514,0.002,0.011,0.000,0.038,0.029,0.001,0.004,0.002,0.080,0.012,0.003,0.004,0.651,0.000,0.030,0.014,0.028,0.045,0.032,0.000,0.012
344,V,0.752,0.002,0.006,0.000,0.000,0.000,0.000,0.000,0.000,0.793,0.000,0.077,0.031,0.000,0.000,0.000,0.000,0.000,0.000,0.090,0.000,0.000
345,I,0.647,0.002,0.039,0.032,0.000,0.000,0.002,0.008,0.000,0.211,0.000,0.025,0.003,0.000,0.000,0.001,0.001,0.003,0.003,0.667,0.000,0.001
346,R,0.842,0.002,0.001,0.001,0.000,0.000,0.000,0.000,0.000,0.000,0.865,0.000,0.000,0.000,0.000,0.010,0.115,0.003,0.000,0.000,0.000,0.000
347,Y,0.696,0.002,0.000,0.000,0.001,0.000,0.635,0.000,0.010,0.007,0.000,0.024,0.001,0.000,0.000,0.000,0.000,0.000,0.000,0.016,0.000,0.303
348,E,0.717,0.002,0.001,0.000,0.787,0.022,0.000,0.012,0.051,0.000,0.000,0.000,0.000,0.084,0.001,0.001,0.001,0.037,0.001,0.000,0.000,0.000
349,L,0.803,0.002,0.000,0.000,0.000,0.000,0.109,0.000,0.000,0.033,0.000,0.840,0.010,0.000,0.001,0.000,0.000,0.000,0.001,0.004,0.000,0.000
350,N,0.541,0.002,0.032,0.000,0.037,0.021,0.001,0.012,0.007,0.002,0.081,0.010,0.002,0.023,0.001,0.028,0.674,0.018,0.042,0.004,0.000,0.002
351,T,0.603,0.002,0.007,0.000,0.002,0.010,0.000,0.008,0.006,0.001,0.034,0.012,0.013,0.035,0.001,0.048,0.012,0.095,0.712,0.002,0.000,0.001
352,E,0.628,0.001,0.014,0.000,0.002,0.062,0.000,0.057,0.002,0.001,0.039,0.004,0.005,0.038,0.001,0.007,0.734,0.029,0.002,0.002,0.000,0.000
353,T,0.476,0.001,0.018,0.000,0.002,0.006,0.019,0.003,0.004,0.579,0.021,0.007,0.001,0.014,0.000,0.006,0.054,0.096,0.099,0.009,0.000,0.059
354,V,0.561,0.001,0.006,0.000,0.002,0.006,0.003,0.001,0.001,0.065,0.579,0.040,0.006,0.001,0.002,0.005,0.001,0.012,0.016,0.241,0.001,0.012
355,K,0.505,0.001,0.111,0.000,0.008,0.021,0.000,0.010,0.011,0.007,0.021,0.080,0.002,0.004,0.000,0.016,0.004,0.610,0.040,0.053,0.000,0.001
356,A,0.500,0.089,0.120,0.000,0.054,0.003,0.000,0.587,0.000,0.001,0.026,0.027,0.001,0.004,0.000,0.004,0.006,0.017,0.017,0.043,0.000,0.000
357,E,0.508,0.001,0.005,0.001,0.000,0.598,0.001,0.001,0.003,0.004,0.004,0.006,0.003,0.003,0.000,0.095,0.057,0.059,0.063,0.008,0.080,0.007
358,K,0.527,0.001,0.612,0.001,0.002,0.002,0.001,0.003,0.001,0.004,0.033,0.055,0.025,0.002,0.001,0.015,0.140,0.021,0.066,0.015,0.000,0.000
359,E,0.416,0.001,0.027,0.000,0.016,0.037,0.001,0.001,0.005,0.538,0.015,0.072,0.042,0.004,0.010,0.027,0.005,0.077,0.038,0.084,0.000,0.001
360,I,0.633,0.001,0.000,0.000,0.001,0.000,0.030,0.000,0.000,0.564,0.000,0.300,0.011,0.000,0.012,0.000,0.000,0.000,0.000,0.080,0.000,0.000
361,P,0.376,0.001,0.256,0.000,0.042,0.069,0.001,0.010,0.068,0.001,0.010,0.002,0.000,0.300,0.178,0.003,0.001,0.027,0.018,0.014,0.000,0.001
362,G,0.403,0.001,0.026,0.001,0.102,0.003,0.012,0.116,0.017,0.001,0.009,0.002,0.003,0.427,0.000,0.004,0.003,0.043,0.035,0.008,0.000,0.187
363,A,0.772,0.001,0.854,0.002,0.002,0.023,0.001,0.007,0.000,0.001,0.002,0.007,0.001,0.001,0.001,0.004,0.000,0.015,0.012,0.066,0.000,0.001
364,G,0.522,0.001,0.060,0.000,0.009,0.012,0.001,0.187,0.001,0.003,0.002,0.039,0.001,0.580,0.000,0.001,0.019,0.020,0.010,0.051,0.001,0.001
365,Y,0.710,0.075,0.002,0.000,0.000,0.001,0.088,0.000,0.012,0.012,0.001,0.009,0.001,0.001,0.000,0.000,0.000,0.002,0.007,0.009,0.000,0.780
366,H,0.594,0.068,0.003,0.000,0.008,0.076,0.009,0.020,0.665,0.000,0.004,0.000,0.000,0.123,0.001,0.005,0.004,0.008,0.004,0.000,0.000,0.001
367,G,0.563,0.004,0.004,0.000,0.622,0.048,0.000,0.054,0.008,0.000,0.002,0.007,0.000,0.179,0.001,0.017,0.028,0.016,0.006,0.000,0.000,0.001
368,Q,0.520,0.003,0.034,0.000,0.007,0.007,0.000,0.003,0.001,0.029,0.030,0.026,0.025,0.003,0.000,0.039,0.069,0.025,0.657,0.042,0.001,0.000
369,F,0.510,0.005,0.013,0.001,0.002,0.000,0.121,0.008,0.007,0.002,0.010,0.005,0.001,0.026,0.048,0.001,0.002,0.594,0.070,0.001,0.000,0.083
370,P,0.680,0.005,0.016,0.000,0.001,0.000,0.002,0.001,0.031,0.001,0.002,0.003,0.000,0.007,0.781,0.000,0.005,0.050,0.004,0.033,0.001,0.056
371,Y,0.778,0.005,0.000,0.000,0.000,0.000,0.026,0.000,0.000,0.000,0.000,0.065,0.000,0.000,0.000,0.000,0.000,0.001,0.000,0.001,0.074,0.826
372,S,0.423,0.001,0.060,0.020,0.002,0.008,0.037,0.026,0.003,0.001,0.127,0.011,0.000,0.003,0.001,0.023,0.514,0.103,0.039,0.002,0.000,0.020
373,W,0.674,0.001,0.012,0.001,0.001,0.001,0.002,0.023,0.028,0.001,0.003,0.051,0.000,0.016,0.003,0.002,0.008,0.021,0.011,0.001,0.793,0.022
374,G,0.616,0.000,0.003,0.000,0.000,0.001,0.002,0.723,0.004,0.001,0.004,0.002,0.001,0.060,0.001,0.016,0.071,0.046,0.020,0.029,0.000,0.015
375,G,0.711,0.000,0.022,0.000,0.011,0.004,0.000,0.797,0.001,0.001,0.004,0.004,0.000,0.006,0.062,0.006,0.002,0.070,0.008,0.002,0.000,0.000
376,Y,0.528,0.000,0.002,0.000,0.008,0.013,0.067,0.001,0.114,0.001,0.621,0.001,0.002,0.020,0.001,0.009,0.003,0.038,0.001,0.000,0.035,0.062
377,T,0.676,0.000,0.000,0.000,0.001,0.000,0.000,0.001,0.000,0.001,0.004,0.000,0.000,0.021,0.000,0.042,0.000,0.457,0.471,0.000,0.000,0.000
378,D,0.777,0.000,0.002,0.000,0.847,0.006,0.006,0.003,0.001,0.001,0.012,0.003,0.001,0.011,0.000,0.002,0.000,0.001,0.002,0.007,0.001,0.092
379,I,0.750,0.000,0.006,0.000,0.000,0.000,0.054,0.000,0.000,0.815,0.000,0.031,0.034,0.000,0.000,0.000,0.000,0.000,0.001,0.056,0.000,0.002
380,D,0.894,0.000,0.000,0.000,0.937,0.014,0.000,0.000,0.001,0.000,0.022,0.000,0.000,0.022,0.000,0.001,0.000,0.002,0.001,0.000,0.000,0.000
381,L,0.773,0.000,0.000,0.000,0.000,0.000,0.173,0.000,0.000,0.014,0.000,0.780,0.007,0.000,0.000,0.000,0.000,0.000,0.000,0.026,0.000,0.001
382,A,0.777,0.000,0.830,0.000,0.001,0.010,0.000,0.012,0.000,0.001,0.000,0.001,0.107,0.007,0.000,0.000,0.000,0.025,0.002,0.004,0.000,0.000
383,V,0.800,0.000,0.123,0.000,0.000,0.000,0.000,0.006,0.000,0.012,0.000,0.004,0.001,0.000,0.000,0.000,0.000,0.003,0.016,0.834,0.000,0.000
384,D,0.996,0.000,0.000,0.000,0.999,0.001,0.000,0.000,0.000,0.000,0.000,0.000,0.000,0.000,0.000,0.000,0.000,0.000,0.000,0.000,0.000,0.000
385,E,0.961,0.000,0.000,0.000,0.012,0.981,0.000,0.000,0.000,0.000,0.001,0.000,0.000,0.000,0.000,0.003,0.000,0.000,0.001,0.000,0.000,0.000
386,A,0.512,0.000,0.001,0.000,0.005,0.031,0.001,0.020,0.015,0.022,0.033,0.022,0.007,0.637,0.000,0.024,0.045,0.104,0.031,0.003,0.000,0.001
387,G,0.979,0.000,0.006,0.000,0.001,0.000,0.000,0.991,0.000,0.000,0.000,0.000,0.000,0.000,0.000,0.000,0.000,0.001,0.000,0.000,0.000,0.000
388,L,0.946,0.000,0.000,0.000,0.000,0.000,0.001,0.000,0.000,0.004,0.000,0.971,0.008,0.000,0.000,0.000,0.000,0.000,0.000,0.016,0.000,0.000
389,W,0.989,0.000,0.000,0.000,0.000,0.000,0.000,0.000,0.000,0.000,0.000,0.000,0.000,0.000,0.000,0.000,0.000,0.000,0.000,0.000,0.995,0.004
390,V,0.739,0.000,0.171,0.000,0.000,0.000,0.000,0.000,0.000,0.035,0.000,0.042,0.001,0.000,0.000,0.000,0.000,0.001,0.000,0.749,0.000,0.000
391,I,0.786,0.000,0.002,0.000,0.000,0.000,0.000,0.000,0.000,0.813,0.000,0.033,0.008,0.000,0.000,0.000,0.000,0.000,0.010,0.134,0.000,0.000
392,Y,0.914,0.000,0.000,0.000,0.000,0.000,0.026,0.000,0.026,0.000,0.000,0.000,0.000,0.000,0.000,0.000,0.000,0.000,0.000,0.000,0.001,0.945
393,S,0.709,0.000,0.761,0.000,0.000,0.000,0.000,0.012,0.002,0.000,0.000,0.001,0.001,0.000,0.081,0.000,0.002,0.086,0.051,0.001,0.000,0.000
394,T,0.728,0.000,0.067,0.000,0.007,0.014,0.000,0.007,0.000,0.002,0.002,0.006,0.001,0.003,0.002,0.001,0.002,0.078,0.803,0.002,0.000,0.003
395,D,0.510,0.000,0.008,0.000,0.013,0.641,0.000,0.004,0.001,0.036,0.014,0.038,0.006,0.099,0.033,0.008,0.012,0.046,0.013,0.025,0.001,0.002
396,E,0.476,0.000,0.046,0.000,0.088,0.062,0.001,0.046,0.004,0.005,0.025,0.004,0.001,0.018,0.019,0.603,0.004,0.039,0.021,0.013,0.000,0.002
397,A,0.638,0.012,0.035,0.000,0.092,0.009,0.002,0.001,0.002,0.006,0.001,0.001,0.000,0.735,0.001,0.023,0.001,0.055,0.019,0.001,0.000,0.005
398,K,0.446,0.052,0.110,0.000,0.009,0.062,0.011,0.032,0.018,0.000,0.035,0.002,0.007,0.572,0.000,0.035,0.017,0.014,0.014,0.005,0.000,0.003
399,G,0.765,0.006,0.001,0.000,0.021,0.060,0.000,0.850,0.001,0.000,0.015,0.000,0.000,0.013,0.005,0.002,0.012,0.011,0.001,0.000,0.000,0.001
400,A,0.381,0.001,0.032,0.000,0.004,0.000,0.002,0.001,0.020,0.001,0.143,0.002,0.243,0.234,0.000,0.001,0.210,0.018,0.008,0.076,0.000,0.004
401,I,0.706,0.001,0.001,0.000,0.000,0.000,0.002,0.000,0.000,0.743,0.000,0.109,0.094,0.000,0.000,0.000,0.000,0.000,0.024,0.025,0.000,0.000
402,V,0.786,0.001,0.007,0.017,0.000,0.000,0.001,0.000,0.001,0.027,0.001,0.019,0.033,0.004,0.000,0.000,0.001,0.011,0.003,0.871,0.000,0.002
403,L,0.667,0.001,0.004,0.000,0.000,0.000,0.000,0.000,0.000,0.563,0.000,0.174,0.001,0.000,0.000,0.000,0.000,0.000,0.000,0.258,0.000,0.000
404,S,0.791,0.001,0.095,0.000,0.000,0.000,0.000,0.010,0.000,0.005,0.000,0.003,0.004,0.002,0.000,0.000,0.001,0.844,0.030,0.005,0.000,0.000
405,K,0.676,0.001,0.000,0.000,0.000,0.003,0.000,0.000,0.016,0.000,0.233,0.004,0.000,0.002,0.000,0.643,0.097,0.000,0.000,0.000,0.000,0.000
406,L,0.802,0.001,0.000,0.000,0.000,0.000,0.002,0.000,0.000,0.063,0.000,0.844,0.020,0.000,0.000,0.000,0.000,0.000,0.000,0.070,0.000,0.000
407,N,0.736,0.001,0.000,0.000,0.208,0.040,0.000,0.002,0.007,0.001,0.001,0.000,0.000,0.732,0.000,0.001,0.004,0.002,0.000,0.000,0.000,0.000
408,P,0.690,0.001,0.046,0.000,0.013,0.063,0.000,0.002,0.014,0.004,0.007,0.002,0.001,0.001,0.793,0.024,0.001,0.011,0.012,0.004,0.000,0.000
409,E,0.412,0.002,0.032,0.000,0.057,0.052,0.001,0.036,0.018,0.010,0.022,0.008,0.006,0.031,0.002,0.029,0.020,0.027,0.036,0.032,0.000,0.577
410,N,0.715,0.002,0.008,0.000,0.087,0.006,0.001,0.002,0.000,0.000,0.003,0.001,0.001,0.018,0.002,0.001,0.002,0.086,0.778,0.001,0.000,0.001
411,L,0.857,0.001,0.000,0.000,0.000,0.000,0.062,0.000,0.000,0.002,0.000,0.901,0.020,0.001,0.009,0.000,0.000,0.000,0.001,0.001,0.000,0.000
412,E,0.495,0.001,0.026,0.000,0.048,0.104,0.001,0.017,0.004,0.002,0.006,0.001,0.000,0.015,0.005,0.049,0.580,0.119,0.016,0.004,0.000,0.001
413,L,0.508,0.001,0.004,0.000,0.000,0.001,0.354,0.000,0.000,0.252,0.003,0.030,0.017,0.000,0.007,0.000,0.001,0.003,0.041,0.285,0.000,0.000
414,E,0.620,0.001,0.002,0.000,0.010,0.737,0.000,0.011,0.000,0.035,0.013,0.091,0.014,0.004,0.000,0.019,0.010,0.006,0.023,0.022,0.000,0.002
415,Q,0.348,0.002,0.275,0.000,0.006,0.013,0.001,0.301,0.031,0.000,0.057,0.002,0.000,0.030,0.000,0.102,0.065,0.021,0.074,0.002,0.001,0.016
416,T,0.679,0.002,0.005,0.000,0.000,0.006,0.001,0.002,0.021,0.012,0.001,0.002,0.022,0.004,0.001,0.007,0.002,0.132,0.758,0.013,0.000,0.009
417,W,0.886,0.002,0.000,0.000,0.000,0.000,0.013,0.000,0.001,0.041,0.000,0.001,0.001,0.000,0.000,0.000,0.000,0.001,0.000,0.004,0.931,0.005
418,E,0.433,0.002,0.014,0.000,0.364,0.330,0.002,0.000,0.009,0.002,0.030,0.002,0.001,0.097,0.000,0.026,0.065,0.023,0.024,0.004,0.000,0.006
419,T,0.939,0.002,0.002,0.000,0.000,0.000,0.000,0.000,0.000,0.015,0.000,0.005,0.001,0.000,0.000,0.000,0.000,0.003,0.969,0.003,0.000,0.000
420,N,0.313,0.002,0.273,0.000,0.004,0.018,0.000,0.181,0.005,0.007,0.012,0.002,0.002,0.056,0.035,0.006,0.040,0.124,0.160,0.074,0.000,0.000
421,I,0.572,0.002,0.003,0.056,0.000,0.000,0.058,0.000,0.018,0.044,0.000,0.107,0.001,0.000,0.000,0.032,0.000,0.000,0.001,0.021,0.000,0.655
422,R,0.525,0.002,0.002,0.000,0.577,0.006,0.020,0.000,0.005,0.000,0.025,0.001,0.000,0.018,0.166,0.002,0.102,0.025,0.001,0.001,0.000,0.046
423,K,0.768,0.002,0.001,0.000,0.000,0.000,0.000,0.001,0.016,0.002,0.824,0.000,0.001,0.004,0.002,0.002,0.109,0.027,0.010,0.001,0.000,0.000
424,Q,0.591,0.002,0.007,0.000,0.003,0.029,0.000,0.007,0.013,0.001,0.023,0.002,0.000,0.079,0.039,0.030,0.710,0.031,0.022,0.001,0.000,0.000
425,S,0.470,0.002,0.167,0.000,0.022,0.004,0.027,0.034,0.006,0.001,0.052,0.019,0.013,0.049,0.000,0.006,0.011,0.562,0.020,0.002,0.001,0.003
426,V,0.748,0.002,0.797,0.000,0.000,0.000,0.011,0.000,0.000,0.006,0.000,0.007,0.003,0.000,0.000,0.000,0.000,0.001,0.001,0.094,0.000,0.078
427,A,0.648,0.002,0.037,0.000,0.000,0.056,0.000,0.259,0.000,0.000,0.000,0.001,0.000,0.001,0.000,0.000,0.001,0.614,0.028,0.000,0.000,0.000
428,N,0.748,0.002,0.039,0.000,0.013,0.120,0.000,0.017,0.001,0.000,0.000,0.000,0.000,0.797,0.000,0.002,0.000,0.007,0.000,0.000,0.000,0.000
429,A,0.724,0.002,0.777,0.071,0.000,0.000,0.001,0.007,0.000,0.000,0.000,0.001,0.015,0.000,0.000,0.000,0.000,0.099,0.025,0.001,0.000,0.000
430,F,0.990,0.002,0.000,0.000,0.000,0.000,0.996,0.000,0.000,0.001,0.000,0.000,0.000,0.000,0.000,0.000,0.000,0.000,0.000,0.000,0.000,0.000
431,I,0.730,0.002,0.000,0.000,0.000,0.000,0.001,0.000,0.000,0.124,0.000,0.034,0.751,0.000,0.000,0.000,0.000,0.000,0.000,0.089,0.000,0.000
432,I,0.659,0.002,0.121,0.000,0.000,0.000,0.000,0.000,0.000,0.612,0.000,0.016,0.006,0.000,0.000,0.000,0.000,0.001,0.002,0.239,0.000,0.000
433,C,0.954,0.002,0.000,0.980,0.000,0.000,0.000,0.003,0.001,0.000,0.000,0.000,0.000,0.000,0.000,0.002,0.008,0.001,0.000,0.000,0.000,0.002
434,G,0.965,0.002,0.000,0.000,0.000,0.000,0.000,0.983,0.000,0.000,0.000,0.000,0.000,0.010,0.000,0.000,0.000,0.003,0.000,0.000,0.000,0.000
435,T,0.622,0.002,0.011,0.000,0.000,0.000,0.000,0.000,0.001,0.247,0.006,0.001,0.002,0.003,0.000,0.000,0.010,0.003,0.146,0.568,0.000,0.000
436,L,0.928,0.002,0.000,0.000,0.000,0.000,0.003,0.000,0.000,0.004,0.000,0.961,0.016,0.000,0.000,0.000,0.000,0.000,0.000,0.013,0.000,0.000
437,Y,0.915,0.002,0.000,0.000,0.000,0.000,0.002,0.000,0.054,0.000,0.000,0.000,0.000,0.001,0.000,0.001,0.000,0.000,0.000,0.000,0.000,0.940
438,T,0.707,0.003,0.197,0.002,0.000,0.000,0.009,0.007,0.000,0.018,0.000,0.005,0.001,0.000,0.000,0.000,0.000,0.001,0.037,0.721,0.000,0.000
439,V,0.727,0.003,0.002,0.000,0.000,0.000,0.000,0.000,0.000,0.023,0.000,0.041,0.001,0.000,0.000,0.000,0.000,0.001,0.216,0.714,0.000,0.000
440,S,0.476,0.003,0.013,0.000,0.130,0.003,0.000,0.001,0.004,0.000,0.221,0.000,0.000,0.114,0.000,0.003,0.431,0.020,0.001,0.000,0.000,0.055
441,S,0.638,0.003,0.005,0.000,0.008,0.001,0.006,0.031,0.002,0.002,0.002,0.001,0.000,0.056,0.017,0.000,0.002,0.732,0.102,0.011,0.000,0.021
442,Y,0.571,0.003,0.006,0.001,0.001,0.001,0.004,0.010,0.083,0.009,0.045,0.025,0.009,0.004,0.013,0.001,0.027,0.005,0.003,0.055,0.000,0.693
443,T,0.347,0.003,0.005,0.000,0.073,0.370,0.014,0.008,0.002,0.000,0.001,0.094,0.001,0.091,0.009,0.172,0.002,0.089,0.028,0.032,0.000,0.006
444,S,0.433,0.155,0.032,0.000,0.522,0.065,0.000,0.019,0.006,0.005,0.028,0.006,0.000,0.002,0.020,0.068,0.012,0.015,0.040,0.003,0.000,0.000
445,A,0.314,0.049,0.046,0.000,0.293,0.011,0.002,0.063,0.008,0.002,0.038,0.004,0.001,0.285,0.025,0.011,0.075,0.038,0.039,0.001,0.000,0.010
446,D,0.381,0.048,0.003,0.000,0.314,0.322,0.001,0.106,0.008,0.003,0.018,0.002,0.002,0.056,0.009,0.013,0.045,0.007,0.035,0.005,0.000,0.004
447,A,0.430,0.004,0.153,0.000,0.002,0.078,0.000,0.032,0.007,0.001,0.002,0.002,0.019,0.261,0.000,0.000,0.007,0.354,0.075,0.000,0.000,0.000
448,T,0.454,0.004,0.002,0.000,0.001,0.357,0.001,0.008,0.007,0.003,0.340,0.001,0.006,0.047,0.000,0.058,0.107,0.004,0.048,0.002,0.000,0.003
449,V,0.774,0.004,0.000,0.000,0.000,0.000,0.000,0.000,0.000,0.721,0.000,0.017,0.001,0.000,0.000,0.000,0.000,0.000,0.000,0.257,0.000,0.000
450,N,0.415,0.004,0.015,0.000,0.539,0.010,0.069,0.001,0.020,0.001,0.002,0.017,0.008,0.041,0.000,0.045,0.013,0.068,0.045,0.014,0.000,0.089
451,F,0.774,0.004,0.000,0.056,0.000,0.000,0.104,0.000,0.004,0.002,0.000,0.006,0.000,0.000,0.000,0.000,0.000,0.000,0.001,0.002,0.000,0.818
452,A,0.514,0.004,0.332,0.000,0.000,0.000,0.001,0.001,0.000,0.426,0.004,0.010,0.069,0.000,0.000,0.000,0.000,0.049,0.017,0.077,0.000,0.009
453,Y,0.785,0.004,0.000,0.000,0.000,0.000,0.239,0.000,0.000,0.002,0.000,0.007,0.000,0.000,0.000,0.000,0.000,0.000,0.000,0.002,0.000,0.744
454,D,0.632,0.004,0.001,0.000,0.324,0.000,0.010,0.000,0.016,0.000,0.000,0.000,0.000,0.561,0.000,0.012,0.001,0.051,0.000,0.000,0.000,0.020
455,T,0.814,0.004,0.006,0.000,0.000,0.000,0.002,0.000,0.000,0.008,0.000,0.065,0.000,0.000,0.007,0.000,0.000,0.000,0.871,0.035,0.000,0.000
456,G,0.255,0.004,0.029,0.000,0.142,0.084,0.003,0.006,0.088,0.001,0.196,0.051,0.003,0.150,0.000,0.002,0.154,0.046,0.013,0.005,0.001,0.021
457,T,0.369,0.004,0.036,0.000,0.026,0.003,0.000,0.036,0.007,0.001,0.067,0.277,0.004,0.002,0.000,0.202,0.044,0.034,0.256,0.000,0.000,0.000
458,G,0.462,0.004,0.027,0.000,0.013,0.026,0.002,0.146,0.006,0.001,0.013,0.006,0.012,0.269,0.000,0.005,0.008,0.433,0.028,0.002,0.000,0.000
459,I,0.387,0.004,0.011,0.000,0.001,0.025,0.000,0.001,0.020,0.005,0.273,0.002,0.003,0.009,0.012,0.092,0.297,0.064,0.171,0.008,0.000,0.000
460,S,0.391,0.004,0.005,0.000,0.201,0.225,0.002,0.299,0.009,0.001,0.000,0.009,0.001,0.002,0.023,0.070,0.002,0.023,0.005,0.002,0.000,0.117
461,K,0.360,0.005,0.033,0.000,0.022,0.469,0.001,0.089,0.004,0.054,0.026,0.032,0.033,0.017,0.000,0.005,0.031,0.134,0.024,0.017,0.001,0.001
462,T,0.216,0.005,0.055,0.000,0.039,0.014,0.063,0.002,0.061,0.039,0.008,0.080,0.039,0.045,0.073,0.004,0.025,0.033,0.036,0.035,0.000,0.344
463,L,0.478,0.005,0.041,0.000,0.000,0.000,0.001,0.001,0.000,0.077,0.001,0.142,0.012,0.000,0.112,0.000,0.000,0.009,0.107,0.490,0.000,0.000
464,T,0.461,0.005,0.023,0.000,0.569,0.013,0.000,0.018,0.016,0.001,0.010,0.028,0.001,0.071,0.001,0.026,0.075,0.116,0.015,0.012,0.000,0.000
465,I,0.587,0.005,0.000,0.000,0.000,0.000,0.041,0.000,0.000,0.496,0.000,0.160,0.013,0.000,0.004,0.000,0.000,0.002,0.000,0.277,0.000,0.000
466,P,0.461,0.005,0.055,0.000,0.028,0.014,0.021,0.002,0.098,0.016,0.005,0.072,0.001,0.008,0.595,0.009,0.008,0.012,0.009,0.010,0.000,0.032
467,F,0.825,0.005,0.000,0.000,0.000,0.000,0.878,0.001,0.000,0.015,0.000,0.068,0.025,0.000,0.000,0.000,0.000,0.000,0.000,0.002,0.005,0.001
468,K,0.503,0.005,0.002,0.000,0.021,0.060,0.000,0.001,0.080,0.010,0.024,0.021,0.000,0.006,0.633,0.034,0.052,0.008,0.034,0.006,0.001,0.002
469,N,0.752,0.005,0.003,0.000,0.001,0.000,0.000,0.001,0.000,0.001,0.104,0.001,0.001,0.817,0.009,0.001,0.023,0.023,0.009,0.001,0.000,0.000
470,R,0.351,0.005,0.010,0.000,0.001,0.053,0.014,0.003,0.007,0.003,0.052,0.007,0.037,0.016,0.104,0.347,0.079,0.243,0.002,0.016,0.000,0.000
471,Y,0.694,0.006,0.009,0.001,0.002,0.001,0.028,0.008,0.019,0.000,0.002,0.020,0.003,0.008,0.007,0.053,0.002,0.013,0.004,0.002,0.000,0.810
472,K,0.464,0.005,0.039,0.000,0.019,0.027,0.035,0.072,0.012,0.000,0.015,0.001,0.001,0.002,0.008,0.570,0.036,0.128,0.028,0.000,0.000,0.001
473,Y,0.515,0.005,0.016,0.000,0.001,0.001,0.053,0.015,0.121,0.010,0.020,0.002,0.001,0.021,0.000,0.002,0.006,0.037,0.027,0.031,0.000,0.629
474,S,0.577,0.005,0.003,0.000,0.000,0.000,0.002,0.000,0.055,0.664,0.000,0.068,0.010,0.021,0.000,0.000,0.000,0.010,0.088,0.060,0.000,0.011
475,S,0.588,0.005,0.541,0.001,0.000,0.002,0.001,0.000,0.004,0.000,0.001,0.001,0.001,0.004,0.000,0.033,0.001,0.263,0.129,0.007,0.000,0.005
476,M,0.532,0.005,0.499,0.000,0.000,0.000,0.003,0.007,0.001,0.000,0.000,0.001,0.205,0.014,0.000,0.083,0.000,0.160,0.013,0.002,0.000,0.005
477,I,0.649,0.006,0.001,0.000,0.000,0.000,0.001,0.000,0.000,0.145,0.000,0.214,0.029,0.000,0.000,0.000,0.000,0.000,0.000,0.604,0.000,0.000
478,D,0.677,0.006,0.007,0.000,0.777,0.028,0.000,0.011,0.031,0.000,0.024,0.000,0.000,0.036,0.000,0.002,0.007,0.067,0.004,0.000,0.000,0.000
479,Y,0.981,0.006,0.000,0.000,0.000,0.000,0.003,0.000,0.000,0.000,0.000,0.000,0.000,0.000,0.000,0.000,0.000,0.000,0.000,0.000,0.000,0.991
480,N,0.852,0.006,0.000,0.006,0.007,0.000,0.000,0.000,0.013,0.000,0.000,0.000,0.000,0.906,0.000,0.000,0.000,0.048,0.000,0.000,0.000,0.012
481,P,0.849,0.006,0.037,0.000,0.000,0.000,0.001,0.000,0.013,0.000,0.000,0.016,0.008,0.000,0.912,0.000,0.001,0.003,0.000,0.001,0.001,0.002
482,L,0.616,0.006,0.023,0.000,0.001,0.006,0.007,0.005,0.003,0.005,0.120,0.019,0.001,0.013,0.000,0.008,0.723,0.008,0.031,0.015,0.001,0.004
483,E,0.746,0.006,0.001,0.000,0.783,0.159,0.000,0.000,0.003,0.000,0.009,0.001,0.001,0.013,0.000,0.013,0.002,0.001,0.006,0.001,0.000,0.000
484,K,0.582,0.007,0.001,0.000,0.000,0.001,0.000,0.012,0.018,0.000,0.104,0.000,0.001,0.573,0.000,0.059,0.217,0.002,0.001,0.002,0.000,0.000
485,K,0.433,0.007,0.083,0.000,0.001,0.013,0.000,0.000,0.024,0.002,0.077,0.271,0.015,0.012,0.000,0.408,0.019,0.002,0.003,0.062,0.000,0.001
486,L,0.939,0.007,0.000,0.000,0.000,0.000,0.000,0.000,0.000,0.025,0.000,0.965,0.000,0.000,0.000,0.000,0.000,0.000,0.000,0.003,0.000,0.000
487,F,0.896,0.007,0.000,0.000,0.000,0.000,0.045,0.000,0.008,0.000,0.000,0.004,0.001,0.000,0.000,0.000,0.000,0.000,0.000,0.000,0.000,0.934
488,A,0.612,0.007,0.230,0.000,0.000,0.000,0.003,0.015,0.000,0.006,0.000,0.004,0.038,0.000,0.000,0.000,0.000,0.019,0.063,0.615,0.000,0.000
489,W,0.882,0.007,0.000,0.000,0.000,0.000,0.009,0.000,0.000,0.000,0.000,0.000,0.000,0.000,0.000,0.000,0.000,0.000,0.001,0.000,0.915,0.067
490,D,0.727,0.007,0.001,0.005,0.206,0.024,0.000,0.010,0.000,0.000,0.000,0.000,0.000,0.732,0.000,0.000,0.000,0.014,0.001,0.000,0.000,0.000
491,N,0.768,0.007,0.000,0.000,0.120,0.005,0.000,0.003,0.006,0.000,0.011,0.000,0.000,0.821,0.000,0.004,0.004,0.017,0.000,0.000,0.000,0.001
492,L,0.489,0.007,0.011,0.000,0.000,0.000,0.159,0.342,0.004,0.000,0.005,0.002,0.000,0.147,0.000,0.000,0.004,0.022,0.001,0.000,0.000,0.297
493,N,0.523,0.008,0.000,0.000,0.000,0.000,0.188,0.000,0.428,0.003,0.003,0.000,0.000,0.064,0.000,0.001,0.006,0.032,0.001,0.001,0.000,0.264
494,M,0.491,0.008,0.004,0.000,0.000,0.000,0.000,0.000,0.000,0.266,0.000,0.080,0.041,0.000,0.000,0.252,0.001,0.000,0.002,0.330,0.000,0.013
495,V,0.595,0.009,0.001,0.000,0.000,0.001,0.000,0.000,0.000,0.065,0.013,0.396,0.037,0.001,0.000,0.001,0.006,0.001,0.009,0.459,0.000,0.000
496,T,0.397,0.009,0.016,0.000,0.000,0.001,0.000,0.000,0.001,0.063,0.220,0.117,0.004,0.015,0.000,0.002,0.365,0.035,0.127,0.021,0.000,0.003
497,Y,0.891,0.010,0.000,0.011,0.000,0.000,0.037,0.000,0.002,0.000,0.000,0.001,0.000,0.000,0.000,0.000,0.000,0.001,0.000,0.003,0.000,0.934
498,D,0.381,0.011,0.009,0.000,0.101,0.008,0.000,0.012,0.032,0.000,0.054,0.001,0.000,0.229,0.085,0.014,0.028,0.387,0.021,0.007,0.000,0.000
499,I,0.686,0.014,0.010,0.000,0.000,0.000,0.001,0.000,0.000,0.043,0.000,0.667,0.015,0.000,0.000,0.000,0.000,0.000,0.004,0.245,0.000,0.001
500,K,0.318,0.020,0.010,0.000,0.246,0.313,0.002,0.001,0.050,0.047,0.028,0.011,0.002,0.011,0.000,0.033,0.054,0.010,0.127,0.027,0.005,0.003
501,L,0.705,0.024,0.000,0.000,0.000,0.000,0.752,0.000,0.000,0.005,0.000,0.149,0.028,0.000,0.000,0.000,0.000,0.001,0.023,0.003,0.001,0.014
502,S,0.705,0.809,0.015,0.000,0.010,0.009,0.000,0.001,0.005,0.000,0.053,0.000,0.000,0.017,0.000,0.022,0.017,0.025,0.015,0.000,0.000,0.000
503,K,0.887,0.935,0.001,0.000,0.000,0.001,0.000,0.000,0.001,0.000,0.036,0.000,0.001,0.002,0.000,0.009,0.010,0.002,0.002,0.001,0.000,0.001
504,M,1.000,1.000,0.000,0.000,0.000,0.000,0.000,0.000,0.000,0.000,0.000,0.000,0.000,0.000,0.000,0.000,0.000,0.000,0.000,0.000,0.000,0.000
